start=1392.850000
speed=1.100000
